# R script for Peak Model
#  -- generated by MACS
p <- c(0.0408978251121,0.047708177233,0.0545756691725,0.0614092343446,0.0680838793966,0.0681445904537,0.0681428048344,0.0683874346825,0.0683963627791,0.0682374426589,0.0681463760731,0.0681124493058,0.0677213986728,0.0677303267694,0.0677196130534,0.0676392601836,0.0677035424795,0.0676731869509,0.0676321177063,0.0677678247753,0.067749968582,0.0679481723276,0.0682213720849,0.0682856543807,0.0685731390927,0.0687909846509,0.0687802709349,0.0688034839862,0.0689141923846,0.0688713375207,0.0688249114181,0.0687731284576,0.0688981218106,0.068721345497,0.0684749300296,0.0683535079152,0.0681910165563,0.0679588860435,0.0678731763157,0.0676892575248,0.0681374479764,0.068053523868,0.0679892415721,0.068308867432,0.0683999340178,0.0685231417515,0.0687517010256,0.0688945505719,0.0691820352839,0.0692659593924,0.0687445585483,0.0686195651953,0.0685284986095,0.0681035212092,0.0682713694261,0.0680695944419,0.0679535291855,0.06804816701,0.0677338980081,0.0678267502132,0.0681088780672,0.0681999446529,0.0681392335958,0.0684410032624,0.0681267342605,0.0681231630218,0.0680195971007,0.0677892522073,0.0675392655012,0.067494625018,0.0673749885229,0.0673803453809,0.0675446223592,0.0675017674953,0.0677142561954,0.0675231949272,0.067614261513,0.067744611724,0.0679446010889,0.0677928234459,0.0678463920258,0.067608904655,0.067494625018,0.0674321283415,0.0672857075565,0.0675714066491,0.0675392655012,0.0675339086432,0.067483911302,0.0676589019962,0.0677071137181,0.067907103083,0.0678660338384,0.0676481882803,0.0676446170416,0.067499981876,0.0676785438089,0.0675446223592,0.06778210973,0.0676124758937,0.0675803347458,0.0676821150475,0.0678267502132,0.0680874506352,0.0680303108167,0.0680820937772,0.0679142455603,0.0679446010889,0.0677785384913,0.0676749725702,0.0674249858641,0.0671732135388,0.0671303586749,0.0670214358958,0.0670000084638,0.0666268140241,0.0665536036316,0.0665053919097,0.0664053972273,0.066507177529,0.0666732401266,0.0667268087065,0.0666232427854,0.066648241456,0.0669125131167,0.0672214252606,0.0671339299135,0.0669946516058,0.0668428739629,0.0666946675586,0.0665321761996,0.0663589711247,0.0664107540853,0.0663964691306,0.0661518392825,0.0658822107639,0.0660179178329,0.0661804091918,0.0663179018801,0.0665053919097,0.066794662241,0.0670535770437,0.0670285783731,0.0670375064697,0.067060719521,0.0673839166196,0.0672749938405,0.067337490517,0.0672446383119,0.0672214252606,0.0670982175269,0.0669732241739,0.0669982228445,0.0668535876789,0.0670892894303,0.0669642960773,0.0671464292488,0.067071433237,0.0673214199431,0.0672357102153,0.0670196502765,0.0671624998228,0.067066076379,0.0669535823613,0.066800019099,0.0669553679806,0.0668285890082,0.0666857394619,0.0665214624837,0.066507177529,0.0666018153535,0.0665268193416,0.066653598314,0.0667982334797,0.0665589604896,0.0663500430281,0.0662982600675,0.0665589604896,0.0667143093712,0.0668803719688,0.0669535823613,0.0669267980713,0.0669267980713,0.0668571589175,0.0670803613336,0.0671000031463,0.0672874931758,0.067071433237,0.066946439884,0.0667446648998,0.0667660923317,0.0670339352311,0.0670178646571,0.0671892841127,0.0671464292488,0.0671125024816,0.0670464345664,0.0671303586749,0.0670803613336,0.0671535717261,0.0671321442942,0.0669321549293,0.0669589392193,0.0670196502765,0.0670946462883,0.067207140306,0.0670392920891,0.0671321442942,0.0671624998228,0.0673749885229,0.0673232055624,0.0673696316649,0.0674517701541,0.0673499898523,0.0673464186137,0.0672910644145,0.067353561091,0.0674374851994,0.0673696316649,0.0674392708188,0.0677124705761,0.0675624785525,0.0676642588542,0.0675499792172,0.0676339033256,0.0678213933552,0.0680695944419,0.0678892468897,0.0680249539587,0.0678356783098,0.0677392548661,0.0678767475544,0.0678588913611,0.0679571004242,0.0677946090653,0.0676481882803,0.0676535451383,0.0677981803039,0.0677749672526,0.0678446064065,0.0677338980081,0.0678678194577,0.0675642641718,0.067891032509,0.0682178008462,0.0685159992742,0.0685106424162,0.0683927915405,0.0685927809053,0.0686767050138,0.0689088355266,0.068857052566,0.0691195386074,0.0689177636232,0.0687713428382,0.0688606238047,0.0689784746804,0.0692409607218,0.069421308274,0.0695088036211,0.0696730805994,0.0698034308104,0.0699784215047,0.0700034201753,0.0701998383015,0.0701176998123,0.0701623402955,0.0704123270016,0.0704605387235,0.0705212497807,0.070403398905,0.0703355453705,0.0703016186032,0.0705266066387,0.0705033935874,0.0704337544336,0.0703944708083,0.0703266172738,0.0705748183606,0.0705533909286,0.0706426718951,0.0709283709877,0.0711283603526,0.0711265747332,0.0714087025872,0.0714176306839,0.0716765454866,0.0719979569658,0.0719997425851,0.0722158025239,0.0723693657862,0.0725032872359,0.0727657732773,0.0730818278985,0.073003260648,0.073567516356,0.0739532101311,0.0740728466261,0.0743764019121,0.0748906602788,0.0752656403379,0.0757441863181,0.076047741604,0.0766941358011,0.0774423103,0.0780029947693,0.0784922544655,0.0789904422583,0.0794011347039,0.0799046793547,0.0805974996544,0.081170683459,0.0817760084116,0.0819634984411,0.0823616915515,0.0829170191628,0.0831955757781,0.0833277116085,0.083666979281,0.0838366131173,0.0839794626636,0.0841848088864,0.0841437396418,0.0842651617562,0.0845330046556,0.0841026703973,0.0840616011527,0.0844008688252,0.0843437290067,0.0843098022394,0.0843223015747,0.0842330206083,0.0844883641723,0.0848347743222,0.0847544214524,0.0852079687619,0.0854383136554,0.0856061618723,0.0860311392726,0.0863239808426,0.0865382551621,0.0867418157656,0.0870775121994,0.0870525135288,0.0875114176964,0.0877256920159,0.088084601501,0.0882792340079,0.0881220995069,0.0883328025877,0.0886667134023,0.0890345509841,0.0890095523135,0.089322035696,0.0891738292917,0.0891577587178,0.0892006135817,0.0892523965422,0.0895666655441,0.0895809504987,0.0895363100155,0.0895577374475,0.0897273712837,0.0898934338813,0.0902951982304,0.0903987641514,0.0904987588339,0.0907469599206,0.0908255271711,0.0910505152065,0.0912433620941,0.0915540598573,0.0916397695851,0.0918504726659,0.0917933328474,0.0922540226343,0.09263793079,0.0927182836598,0.0930646938097,0.0932593263165,0.0934003902435,0.0934111039595,0.0935664528411,0.0937039455295,0.0938325101212,0.0938628656498,0.093902149275,0.0943967658291,0.0947538896949,0.094878883048,0.0950520881229,0.0949824489691,0.095280647397,0.0952627912037,0.0955074210518,0.0957288378486,0.0959663252193,0.0959073997815,0.0960181081799,0.0962823798406,0.0966198618938,0.0972109018917,0.0973108965741,0.097755515787,0.0978197980829,0.097912650288,0.098200135,0.0985054759052,0.0984090524615,0.0986376117356,0.0987626050886,0.0986822522188,0.0991018727611,0.0992679353587,0.0996839846624,0.100150031307,0.100101819585,0.0998929021239,0.100228598558,0.10054108194,0.10075535626,0.100966059341,0.101212474808,0.10131246949,0.101623167254,0.101874939579,0.102155281814,0.102885600119,0.103076661388,0.10328379323,0.103403429725,0.103753411113,0.10386947637,0.10432123806,0.104696218119,0.104915849296,0.105083697513,0.105192620292,0.105728306091,0.106003291468,0.106687183671,0.107031808201,0.107335363487,0.107490712369,0.10751571104,0.107742484694,0.108228173152,0.108404949465,0.108808499434,0.109015631276,0.1091656233,0.109488820398,0.109806660639,0.110270921664,0.110545907041,0.110929815197,0.111183373141,0.111783341236,0.111970831265,0.112469019058,0.112861855311,0.112945779419,0.11318326679,0.113301117666,0.113797519839,0.113726095066,0.113974296153,0.114183213614,0.114395702314,0.114624261588,0.114993884789,0.115422433428,0.115742059288,0.116309886235,0.11664379705,0.117256264479,0.117809806471,0.118145502905,0.118572265925,0.119041883808,0.119188304593,0.119602568278,0.120018617581,0.120370384589,0.120398954498,0.120791790751,0.121098917275,0.121464969238,0.12177745262,0.122089936003,0.122455987965,0.122945247662,0.123339869533,0.123563071949,0.124400527415,0.124825504815,0.125282623363,0.125782596775,0.126193289221,0.126627194718,0.12718073671,0.127486077615,0.128136043051,0.128646730179,0.12904313767,0.129525254889,